%YAML:1.0
---
calibration_time: "Сб 22 сен 2018 13:48:52"
nframes: 18
image_width: 640
image_height: 480
board_width: 9
board_height: 6
square_size: 25.
aspectRatio: 1.
flags: 2
camera_matrix: !!opencv-matrix
   rows: 3
   cols: 3
   dt: d
   data: [ 8.2381101021315180e+02, 0., 3.1099830580461673e+02, 0.,
       8.2381101021315180e+02, 2.2482767964412707e+02, 0., 0., 1. ]
distortion_coefficients: !!opencv-matrix
   rows: 5
   cols: 1
   dt: d
   data: [ 1.8155788001881718e-03, -7.1301331264529144e-01,
       6.9265817381934951e-04, 1.8536168188803251e-03,
       5.1329726969500395e+00 ]
avg_reprojection_error: 2.7769087244560886e-01
per_view_reprojection_errors: !!opencv-matrix
   rows: 18
   cols: 1
   dt: f
   data: [ 1.48971871e-01, 1.65210724e-01, 3.40118587e-01,
       1.94972023e-01, 2.15613097e-01, 2.59638250e-01, 2.28388935e-01,
       1.46069497e-01, 6.65656984e-01, 2.95142442e-01, 2.00511992e-01,
       2.66499043e-01, 2.04347774e-01, 2.96668023e-01, 3.36877465e-01,
       2.20670968e-01, 2.13121846e-01, 1.36495903e-01 ]
extrinsic_parameters: !!opencv-matrix
   rows: 18
   cols: 6
   dt: d
   data: [ 4.5443083665597329e-02, -3.9774014148427198e-02,
       3.1126925969772641e+00, 1.0701002562308268e+02,
       6.6294428954906437e+01, 5.2651560156979940e+02,
       7.7718081915465087e-02, 6.6972932662787369e-03,
       3.1372804863838355e+00, 1.0376296241184465e+02,
       8.7327428154052129e+01, 5.1596153031192523e+02,
       8.5765237142551541e-03, -1.1926791583872776e+00,
       -2.8550797291512433e+00, 9.2018341442701967e+01,
       7.5540824165321609e+01, 4.8082529916638714e+02,
       -7.1590588660900401e-01, 4.1322288227861598e-01,
       3.0226724576694814e+00, 5.7191078197615717e+01,
       7.6990674894666299e+01, 5.5216897366460762e+02,
       -6.5577038238341023e-01, 2.9285995639024315e-01,
       3.0076287563588266e+00, 5.6302315279962890e+01,
       6.4681419822409396e+01, 5.4718633105138213e+02,
       9.0502483030496750e-01, 6.5862216713950095e-02,
       2.9226706826504589e+00, 8.2551697965210451e+01,
       6.8242170751026961e+01, 4.4160914376554570e+02,
       9.9552737901367383e-01, 5.5562612220922507e-02,
       2.9231520790992973e+00, 7.9694540920474822e+01,
       7.0149096936919847e+01, 4.5457015235287815e+02,
       -2.8594311292091562e-01, -1.9937075349222216e-01,
       -3.1111174024742625e+00, 6.1006081433702946e+01,
       7.5159851506328678e+01, 4.9601995693099644e+02,
       -5.7214601367450810e-02, 1.8589785275994805e-01,
       3.1244103049952594e+00, 9.4528657983604162e+01,
       6.7008132993865203e+01, 5.2434873232330767e+02,
       -3.0422775226400970e-02, 6.5448951401674771e-01,
       -3.0738633196292691e+00, 9.7368601334410243e+01,
       5.8031700062992336e+01, 5.3111188246230699e+02,
       -1.2171115450562581e-01, -4.3228035159298506e-01,
       3.0998918398459545e+00, 9.1309540656313771e+01,
       5.7246817829375466e+01, 5.4263330150843694e+02,
       -2.8110816600009714e-01, -3.8216554684751314e-01,
       3.0308363437370436e+00, 6.6118214075802513e+01,
       4.9096956864418900e+01, 5.5826460585947041e+02,
       -2.1629194509858082e-01, -8.3874264716239688e-01,
       -3.0168850525716766e+00, 8.5215691133255660e+01,
       5.6740913372943510e+01, 4.9280966898528618e+02,
       -1.7590928357422597e-01, 1.1905040780642218e+00,
       2.7890759363827762e+00, 5.7314775905638705e+01,
       4.5650308934825354e+01, 5.2940946472795474e+02,
       -9.9944110290772270e-01, -4.4934935142927995e-01,
       -2.7652901023231782e+00, 9.1737619846225726e+01,
       7.7155191672764005e+01, 4.0951970440800295e+02,
       -8.3974455307472673e-01, 4.2534414031271767e-01,
       -2.9419457678488112e+00, 8.2869792117804735e+01,
       7.1557824486083746e+01, 4.3372434762435284e+02,
       -4.0306706697630695e-01, 1.4223467318996917e-02,
       -3.0521285671971494e+00, 7.0146053161150490e+01,
       7.3824561004516255e+01, 4.5854383519348050e+02,
       6.1125802422349912e-02, 3.0867274764565467e-01,
       2.9755871729579235e+00, 5.7842228382759316e+01,
       4.3435121351234486e+01, 4.7665510377888768e+02 ]
