%YAML:1.0
---
calibration_time: "Сб 22 сен 2018 13:26:41"
nframes: 18
image_width: 640
image_height: 480
board_width: 9
board_height: 6
square_size: 2.5000000372529030e-02
aspectRatio: 1.
flags: 2
camera_matrix: !!opencv-matrix
   rows: 3
   cols: 3
   dt: d
   data: [ 8.3075929814809172e+02, 0., 3.2641209544757311e+02, 0.,
       8.3075929814809172e+02, 2.3133591986761215e+02, 0., 0., 1. ]
distortion_coefficients: !!opencv-matrix
   rows: 5
   cols: 1
   dt: d
   data: [ -3.5055207133332954e-02, 3.1633137370416115e-01,
       6.2016420039073122e-03, 6.7445061137270503e-03,
       -7.8620768828148813e-01 ]
avg_reprojection_error: 3.0248257088466995e-01
per_view_reprojection_errors: !!opencv-matrix
   rows: 18
   cols: 1
   dt: f
   data: [ 1.75668076e-01, 1.55995145e-01, 3.71198952e-01,
       1.91167340e-01, 3.09529394e-01, 4.07986671e-01, 2.17889518e-01,
       3.51663142e-01, 3.79503727e-01, 4.13555533e-01, 3.67675275e-01,
       2.88017273e-01, 3.14943373e-01, 3.05098742e-01, 1.88443899e-01,
       2.24781945e-01, 2.76057959e-01, 3.10290307e-01 ]
extrinsic_parameters: !!opencv-matrix
   rows: 18
   cols: 6
   dt: d
   data: [ -8.3225307865627929e-02, -5.7622363029143586e-02,
       1.5114329679985874e+00, 6.2554712055030465e-02,
       -9.2877840992079727e-02, 5.9370872343290659e-01,
       -3.7229698912913595e-01, -2.6552532912811128e-01,
       1.5053672737361956e+00, 5.8165439551253584e-02,
       -9.7861135702112828e-02, 6.1926626873537105e-01,
       -7.4251517260824251e-01, -6.9250911781826496e-01,
       1.4642264051770624e+00, 4.7895882194408615e-02,
       -9.8604176039894742e-02, 6.1819593082040136e-01,
       -2.2174086972104820e-01, -1.0759225503798445e-01,
       1.5193462093978036e+00, 7.0531749263447158e-02,
       -1.0359771192471172e-01, 5.9683753732357192e-01,
       4.4789686151561597e-01, 5.5379204728008213e-01,
       1.4369197886760952e+00, 7.5659201096129655e-02,
       -1.0995390293592282e-01, 5.3738372083263919e-01,
       8.3284117167419613e-01, 9.6575250086666009e-01,
       1.3118042191299288e+00, 8.2548715235820538e-02,
       -1.0087316520884874e-01, 5.0591106876732606e-01,
       2.3356230052256707e-01, 3.3592230907627377e-02,
       1.5299854316692927e+00, 7.8889058429355979e-02,
       -1.0859968279906039e-01, 5.2753409488588354e-01,
       5.3640285819706490e-01, -5.7931780234327723e-01,
       1.4463140915827086e+00, 8.3860625120550147e-02,
       -6.9049147780604073e-02, 4.3261226756787857e-01,
       9.7312201231573747e-02, -8.9889277666435419e-01,
       1.3748610096489033e+00, 9.9692124623263309e-02,
       -8.4276811327962123e-02, 4.5784665303924088e-01,
       7.3539828709271726e-01, -3.2302414013102398e-01,
       1.4424571796456143e+00, 7.6492612530215789e-02,
       -6.1609703376515827e-02, 4.0689412807901831e-01,
       6.1566137765202568e-02, -5.1396262231652957e-03,
       1.5299143454177744e+00, 8.6782217661117239e-02,
       -8.8222629037615283e-02, 5.1204553394553110e-01,
       -9.3747860823217843e-01, -8.7904605074564532e-02,
       1.2656444824886344e+00, -1.7515693964205936e-02,
       -7.5145698816456552e-02, 6.3725894402967220e-01,
       -1.5905941528013209e-01, 5.8911026391212418e-01,
       1.5486386476199303e+00, 1.2829121839051719e-01,
       -9.6209372747764033e-02, 5.9633360927428947e-01,
       2.4959041694159476e-01, 1.0654778593577090e+00,
       1.6080247614649681e+00, 1.8031589280840332e-01,
       -9.0680990799360456e-02, 5.5012763957961941e-01,
       8.8673903799783797e-03, 3.0852777332694103e-01,
       1.6155144984254592e+00, 1.0427408587537208e-01,
       -1.1435744856516643e-01, 5.4291417010529874e-01,
       4.6260020993313415e-03, 5.2192417116162827e-02,
       1.5916730773905527e+00, 9.6980377598347586e-02,
       -1.0500694990471560e-01, 6.0848582264335260e-01,
       3.5501410621847829e-01, -4.9729390907367538e-01,
       1.5510787057308755e+00, 9.2234965353548637e-02,
       -7.6768696517131987e-02, 4.5931084427511137e-01,
       -6.5213776781421517e-01, -7.1741712608341279e-01,
       1.3734244190141953e+00, 2.5220945349846414e-02,
       -1.0440663568130022e-01, 5.8661469318898285e-01 ]
