%YAML:1.0
---
calibration_time: "Сб 22 сен 2018 13:21:01"
nframes: 10
image_width: 640
image_height: 480
board_width: 9
board_height: 6
square_size: 2.5000000372529030e-02
aspectRatio: 1.
flags: 2
camera_matrix: !!opencv-matrix
   rows: 3
   cols: 3
   dt: d
   data: [ 8.3201760194371411e+02, 0., 3.2740664047478242e+02, 0.,
       8.3201760194371411e+02, 2.3833066585842639e+02, 0., 0., 1. ]
distortion_coefficients: !!opencv-matrix
   rows: 5
   cols: 1
   dt: d
   data: [ 2.2803202601180605e-03, -8.3792751502874740e-01,
       9.7621175581032345e-03, 8.3496846568709027e-03,
       8.3031079747974008e+00 ]
avg_reprojection_error: 2.9200919390938118e-01
per_view_reprojection_errors: !!opencv-matrix
   rows: 10
   cols: 1
   dt: f
   data: [ 1.76075310e-01, 1.92823321e-01, 3.72837186e-01,
       2.66144991e-01, 2.75796801e-01, 3.65392774e-01, 3.20517033e-01,
       1.73659399e-01, 3.68792415e-01, 3.10156852e-01 ]
extrinsic_parameters: !!opencv-matrix
   rows: 10
   cols: 6
   dt: d
   data: [ 2.6128857740048375e-02, -4.6006465779491940e-02,
       1.5913908561869949e+00, 6.7590039217103728e-02,
       -8.6584179641750553e-02, 5.7142748642051355e-01,
       3.0022205186950535e-01, -3.6502202875282364e-01,
       1.5840255042014411e+00, 6.7949699049958734e-02,
       -8.3761977655388994e-02, 4.9423652376007798e-01,
       5.6850063466291811e-01, -5.9081298582522312e-01,
       1.5473253754608751e+00, 7.0843761212439182e-02,
       -6.3363354630996474e-02, 4.4025961873192349e-01,
       -6.9946885690686389e-01, -1.1217819229552732e-01,
       1.5367986619329055e+00, 2.4332701417670535e-02,
       -7.6308668000701602e-02, 6.5197087756516570e-01,
       -1.0772610496077000e+00, -2.1335954599219256e-01,
       1.3458175008828572e+00, -4.3358347117256196e-02,
       -6.5002694338756370e-02, 6.5089656455239064e-01,
       1.0635289058030842e-01, 6.4426226488276350e-01,
       1.5418466461089408e+00, 8.3613084486071243e-02,
       -9.8536236914395697e-02, 5.7377564888007648e-01,
       1.5697721710815887e-01, 1.0774424638844076e+00,
       1.6644991768686344e+00, 1.5843696007613375e-01,
       -6.4331753885645673e-02, 5.7124927548095350e-01,
       1.3374033043344685e-01, -1.9928125902736035e-01,
       1.5726497836346911e+00, 5.4816595679572706e-02,
       -1.0564122508147772e-01, 4.8482833481974719e-01,
       2.1128027140834963e-03, -8.6732664117272840e-01,
       1.4400462748332710e+00, 8.2288247677299434e-02,
       -8.5438212074338576e-02, 4.4791297701100913e-01,
       5.3439899127431434e-01, -1.8924465534450366e-01,
       1.4622964410430037e+00, 3.1427554536323572e-02,
       -8.7736773693947112e-02, 4.1369336792557776e-01 ]
image_points: !!opencv-matrix
   rows: 10
   cols: 54
   dt: "2f"
   data: [ 4.25743805e+02, 1.12499649e+02, 4.25054688e+02,
       1.48671722e+02, 4.24116150e+02, 1.85125107e+02, 4.23251404e+02,
       2.21565781e+02, 4.22351868e+02, 2.57595062e+02, 4.21552826e+02,
       2.93552185e+02, 4.20570251e+02, 3.29850464e+02, 4.19661621e+02,
       3.65610291e+02, 4.18899841e+02, 4.01513763e+02, 3.89509644e+02,
       1.11747055e+02, 3.88536133e+02, 1.48235016e+02, 3.87647766e+02,
       1.84392303e+02, 3.86904633e+02, 2.20708862e+02, 3.86133179e+02,
       2.56772308e+02, 3.85283569e+02, 2.92837738e+02, 3.84419281e+02,
       3.29085114e+02, 3.83626709e+02, 3.64853699e+02, 3.82748047e+02,
       4.00928467e+02, 3.53035248e+02, 1.11262688e+02, 3.52358337e+02,
       1.47501282e+02, 3.51506653e+02, 1.83626190e+02, 3.50583374e+02,
       2.19972244e+02, 3.49755249e+02, 2.56232361e+02, 3.49237091e+02,
       2.92245392e+02, 3.48357361e+02, 3.28506714e+02, 3.47452362e+02,
       3.64284210e+02, 3.46721130e+02, 4.00144409e+02, 3.16701050e+02,
       1.10442451e+02, 3.16064362e+02, 1.46716293e+02, 3.15286987e+02,
       1.82886032e+02, 3.14467712e+02, 2.19404633e+02, 3.13670441e+02,
       2.55452087e+02, 3.12779266e+02, 2.91473846e+02, 3.12299072e+02,
       3.27617554e+02, 3.11462128e+02, 3.63472809e+02, 3.10677826e+02,
       3.99392334e+02, 2.80588104e+02, 1.09736977e+02, 2.79775726e+02,
       1.46225815e+02, 2.79194275e+02, 1.82287109e+02, 2.78413422e+02,
       2.18592972e+02, 2.77600983e+02, 2.54647034e+02, 2.77077911e+02,
       2.90625092e+02, 2.76259247e+02, 3.26864594e+02, 2.75593475e+02,
       3.62676086e+02, 2.74730011e+02, 3.98585754e+02, 2.44294128e+02,
       1.09239830e+02, 2.43581955e+02, 1.45417526e+02, 2.42847214e+02,
       1.81527466e+02, 2.42280472e+02, 2.17927841e+02, 2.41529404e+02,
       2.53890701e+02, 2.40831650e+02, 2.89915680e+02, 2.40348465e+02,
       3.26159332e+02, 2.39484161e+02, 3.61941772e+02, 2.38845016e+02,
       3.97714355e+02, 4.42233185e+02, 9.79036942e+01, 4.37993744e+02,
       1.38181198e+02, 4.33860443e+02, 1.76645187e+02, 4.29795990e+02,
       2.14212540e+02, 4.26093140e+02, 2.50151657e+02, 4.22559174e+02,
       2.84709717e+02, 4.19173615e+02, 3.18379059e+02, 4.15804474e+02,
       3.50364807e+02, 4.12757904e+02, 3.81599548e+02, 4.00250610e+02,
       9.64533615e+01, 3.96610443e+02, 1.36662369e+02, 3.93421051e+02,
       1.75264328e+02, 3.90232819e+02, 2.12779160e+02, 3.87193939e+02,
       2.48660843e+02, 3.84370667e+02, 2.83395325e+02, 3.81550110e+02,
       3.16933868e+02, 3.79050140e+02, 3.49318848e+02, 3.76566956e+02,
       3.80691071e+02, 3.57928711e+02, 9.48938751e+01, 3.55404602e+02,
       1.35265778e+02, 3.52831116e+02, 1.73811188e+02, 3.50481903e+02,
       2.11550491e+02, 3.48263428e+02, 2.47556244e+02, 3.46181427e+02,
       2.82209320e+02, 3.43992889e+02, 3.16363556e+02, 3.42076202e+02,
       3.48475830e+02, 3.40339996e+02, 3.79779755e+02, 3.15852325e+02,
       9.34244461e+01, 3.13903168e+02, 1.33717087e+02, 3.12398407e+02,
       1.72543579e+02, 3.10627472e+02, 2.10411072e+02, 3.09237854e+02,
       2.46389893e+02, 3.07714081e+02, 2.81228577e+02, 3.06459229e+02,
       3.15400116e+02, 3.05216766e+02, 3.47478302e+02, 3.03867462e+02,
       3.79249695e+02, 2.73584839e+02, 9.20337296e+01, 2.72693665e+02,
       1.32444672e+02, 2.71717224e+02, 1.71429382e+02, 2.70896759e+02,
       2.09374313e+02, 2.70284027e+02, 2.45213074e+02, 2.69491882e+02,
       2.80122192e+02, 2.68829803e+02, 3.14455933e+02, 2.68269592e+02,
       3.46520630e+02, 2.67607422e+02, 3.78256104e+02, 2.31385712e+02,
       9.06144409e+01, 2.31253632e+02, 1.31246231e+02, 2.31257141e+02,
       1.70262497e+02, 2.31116257e+02, 2.08123642e+02, 2.31129547e+02,
       2.44145157e+02, 2.31136032e+02, 2.79329437e+02, 2.31236923e+02,
       3.13186737e+02, 2.31163345e+02, 3.45689026e+02, 2.31264252e+02,
       3.77419647e+02, 4.61664185e+02, 1.19399818e+02, 4.54400238e+02,
       1.57205795e+02, 4.47469757e+02, 1.92222244e+02, 4.40947021e+02,
       2.25139679e+02, 4.35052704e+02, 2.55902466e+02, 4.29304749e+02,
       2.85002228e+02, 4.24150482e+02, 3.12326996e+02, 4.19221924e+02,
       3.37507019e+02, 4.14587158e+02, 3.61983887e+02, 4.14477753e+02,
       1.17200081e+02, 4.08690491e+02, 1.54758987e+02, 4.03544647e+02,
       1.89831390e+02, 3.98452698e+02, 2.23009064e+02, 3.93942230e+02,
       2.53559753e+02, 3.89583374e+02, 2.82531677e+02, 3.85577362e+02,
       3.09929321e+02, 3.81715454e+02, 3.35681580e+02, 3.78346680e+02,
       3.60581146e+02, 3.67144043e+02, 1.14909668e+02, 3.63335114e+02,
       1.52522034e+02, 3.59487305e+02, 1.87669891e+02, 3.55939270e+02,
       2.20958435e+02, 3.52811859e+02, 2.51739685e+02, 3.49795166e+02,
       2.80671570e+02, 3.46991333e+02, 3.08789185e+02, 3.44372314e+02,
       3.34167542e+02, 3.41827087e+02, 3.59171082e+02, 3.19799896e+02,
       1.12559303e+02, 3.17483704e+02, 1.50339767e+02, 3.15472961e+02,
       1.85552643e+02, 3.13511902e+02, 2.19043198e+02, 3.11719208e+02,
       2.49739334e+02, 3.09852478e+02, 2.78847229e+02, 3.08418793e+02,
       3.07163116e+02, 3.06907532e+02, 3.32531555e+02, 3.05532562e+02,
       3.57578613e+02, 2.72444275e+02, 1.10271492e+02, 2.71868683e+02,
       1.48326843e+02, 2.71417542e+02, 1.83631805e+02, 2.71014069e+02,
