%YAML:1.0
---
calibration_time: "Вт 05 фев 2019 14:43:48"
image_width: 640
image_height: 480
board_width: 9
board_height: 6
square_size: 2.9999999329447746e-02
aspectRatio: 1.
flags: 2
cameraMatrix: !!opencv-matrix
   rows: 3
   cols: 3
   dt: d
   data: [ 6.3634226941243310e+02, 0., 3.0857544996314618e+02, 0.,
       6.3634226941243310e+02, 2.2963570168662270e+02, 0., 0., 1. ]
distCoeffs: !!opencv-matrix
   rows: 5
   cols: 1
   dt: d
   data: [ 5.8390591449246909e-02, -3.5095955360540698e-01,
       -3.9239117979953794e-03, -5.7979815005171414e-03,
       4.6507422436611684e-01 ]
avg_reprojection_error: 2.9754910304505788e-01
